XY0 = [
25.0624	25.0624	25.0624	25.0624	25.0624	25.0624	0
25.0624	25.0624	25.0624	25.0624	25.0624	25.0624	0
25.0624	25.0624	25.0624	25.0624	25.0624	25.0624	0
25.0775	25.0789	25.0624	25.0782	25.0624	25.0624	0
25.094	25.0807	25.0764	25.0761	25.1143	25.0924	0
25.08	25.0791	25.0624	25.094	25.08	25.0782	0
0	0	0	0	0	0	0
]
XY1 = [
25.0618	25.0618	25.0618	25.0618	25.0618	25.0618	0
25.0618	25.0618	25.0618	25.0618	25.0618	25.0618	0
25.0618	25.0618	25.0618	25.0618	25.0618	25.0618	0
25.0758	25.0799	25.0729	25.0806	25.0618	25.0618	0
25.105	25.0747	25.0738	25.0826	25.0786	25.0745	0
25.105	25.1061	25.0754	25.1095	25.0779	25.0946	0
0	0	0	0	0	0	0
]
XY2 = [
25.0618	25.0618	25.0618	25.0618	25.0618	25.0618	0
25.0618	25.0618	25.0618	25.0618	25.0618	25.0618	0
25.0618	25.0618	25.0618	25.0618	25.0618	25.0618	0
25.0964	25.0783	25.0754	25.079	25.0772	25.0769	0
25.0799	25.0772	25.1136	25.0751	25.0761	25.0776	0
25.0618	25.0781	25.0794	25.0781	25.0785	25.0777	0
0	0	0	0	0	0	0
]
XY3 = [
25.0618	25.0618	25.0618	25.0618	25.0618	25.0618	0
25.0618	25.0618	25.0618	25.0618	25.0618	25.0618	0
25.0618	25.0618	25.0618	25.0618	25.0618	25.0618	0
25.0801	25.0785	25.0769	25.0785	25.0774	25.0781	0
25.0812	25.0817	25.0781	25.0776	25.1068	25.0618	0
25.0618	25.0776	25.0765	25.0919	25.0779	25.0928	0
0	0	0	0	0	0	0
]
XY4 = [
25.0618	25.0618	25.0618	25.0618	25.0618	25.0618	0
25.0618	25.0618	25.0618	25.0618	25.0618	25.0618	0
25.0618	25.0618	25.0618	25.0618	25.0618	25.0618	0
25.0618	25.0618	25.0618	25.0618	25.0618	25.0618	0
25.0618	25.0756	25.0781	25.0763	25.0619	25.0787	0
25.0788	25.0786	25.0767	25.103	25.0905	25.0729	0
0	0	0	0	0	0	0
]
XY5 = [
25.0617	25.0617	25.0617	25.0617	25.0617	25.0617	0
25.0617	25.0617	25.0617	25.0617	25.0617	25.0617	0
25.0617	25.0617	25.0617	25.0617	25.0617	25.0617	0
25.0617	25.0617	25.0617	25.0617	25.0617	25.0617	0
25.0617	25.0764	25.0776	25.106	25.0983	25.076	0
25.0905	25.1112	25.0778	25.0726	25.111	25.0764	0
0	0	0	0	0	0	0
]
color_range = [25 65];
figure(1)
subplot(6,1,1), pcolor(XY0), axis off, caxis( color_range ), colormap(jet)
subplot(6,1,2), pcolor(XY1), axis off, caxis( color_range ), colormap(jet)
subplot(6,1,3), pcolor(XY2), axis off, caxis( color_range ), colormap(jet)
subplot(6,1,4), pcolor(XY3), axis off, caxis( color_range ), colormap(jet)
subplot(6,1,5), pcolor(XY4), axis off, caxis( color_range ), colormap(jet)
subplot(6,1,6), pcolor(XY5), axis off, caxis( color_range ), colormap(jet)
set(gcf, 'PaperPosition', [1 1 7 30]);
print(gcf,'-djpeg','-r0','R_routing-0_sel-2_BL_pir-0.010000_traffic-4.txt-10000.jpg')
