XY0 = [
25.0487	25.0487	25.0487	25.0487	25.0487	25.0487	0
25.0487	25.0487	25.0487	25.0487	25.0487	25.0487	0
25.0487	25.0487	25.0487	25.0487	25.0487	25.0487	0
25.0511	25.0513	25.0487	25.0512	25.0487	25.0487	0
25.0538	25.0516	25.0509	25.0509	25.0571	25.0535	0
25.0515	25.0514	25.0487	25.0538	25.0515	25.0512	0
0	0	0	0	0	0	0
]
XY1 = [
25.0482	25.0482	25.0482	25.0482	25.0482	25.0482	0
25.0482	25.0482	25.0482	25.0482	25.0482	25.0482	0
25.0482	25.0482	25.0482	25.0482	25.0482	25.0482	0
25.0505	25.0511	25.05	25.0512	25.0482	25.0482	0
25.0552	25.0503	25.0501	25.0516	25.0509	25.0502	0
25.0552	25.0554	25.0504	25.056	25.0508	25.0535	0
0	0	0	0	0	0	0
]
XY2 = [
25.0482	25.0482	25.0482	25.0482	25.0482	25.0482	0
25.0482	25.0482	25.0482	25.0482	25.0482	25.0482	0
25.0482	25.0482	25.0482	25.0482	25.0482	25.0482	0
25.0538	25.0509	25.0504	25.051	25.0507	25.0506	0
25.0511	25.0507	25.0566	25.0503	25.0505	25.0508	0
25.0482	25.0508	25.051	25.0508	25.0509	25.0508	0
0	0	0	0	0	0	0
]
XY3 = [
25.0482	25.0482	25.0482	25.0482	25.0482	25.0482	0
25.0482	25.0482	25.0482	25.0482	25.0482	25.0482	0
25.0482	25.0482	25.0482	25.0482	25.0482	25.0482	0
25.0512	25.0509	25.0506	25.0509	25.0507	25.0508	0
25.0513	25.0514	25.0508	25.0508	25.0555	25.0482	0
25.0482	25.0508	25.0506	25.0531	25.0508	25.0532	0
0	0	0	0	0	0	0
]
XY4 = [
25.0482	25.0482	25.0482	25.0482	25.0482	25.0482	0
25.0482	25.0482	25.0482	25.0482	25.0482	25.0482	0
25.0482	25.0482	25.0482	25.0482	25.0482	25.0482	0
25.0482	25.0482	25.0482	25.0482	25.0482	25.0482	0
25.0482	25.0504	25.0508	25.0505	25.0482	25.0509	0
25.0509	25.0509	25.0506	25.0549	25.0529	25.05	0
0	0	0	0	0	0	0
]
XY5 = [
25.0481	25.0481	25.0481	25.0481	25.0481	25.0481	0
25.0481	25.0481	25.0481	25.0481	25.0481	25.0481	0
25.0481	25.0481	25.0481	25.0481	25.0481	25.0481	0
25.0481	25.0481	25.0481	25.0481	25.0481	25.0481	0
25.0481	25.0505	25.0507	25.0554	25.0541	25.0505	0
25.0528	25.0562	25.0507	25.0499	25.0562	25.0505	0
0	0	0	0	0	0	0
]
color_range = [25 65];
figure(1)
subplot(6,1,1), pcolor(XY0), axis off, caxis( color_range ), colormap(jet)
subplot(6,1,2), pcolor(XY1), axis off, caxis( color_range ), colormap(jet)
subplot(6,1,3), pcolor(XY2), axis off, caxis( color_range ), colormap(jet)
subplot(6,1,4), pcolor(XY3), axis off, caxis( color_range ), colormap(jet)
subplot(6,1,5), pcolor(XY4), axis off, caxis( color_range ), colormap(jet)
subplot(6,1,6), pcolor(XY5), axis off, caxis( color_range ), colormap(jet)
set(gcf, 'PaperPosition', [1 1 7 30]);
print(gcf,'-djpeg','-r0','R_routing-0_sel-2_BL_pir-0.010000_traffic-4.txt-10000.jpg')
