XY0 = [
25.0769	25.0769	25.0769	25.0769	25.0769	25.0769	0
25.0769	25.0769	25.0769	25.0769	25.0769	25.0769	0
25.0768	25.0768	25.0768	25.0768	25.0768	25.0768	0
25.0974	25.105	25.0963	25.0973	25.0831	25.0831	0
25.1012	25.1021	25.1073	25.1136	25.1092	25.0982	0
25.0935	25.109	25.1064	25.1064	25.1067	25.0906	0
0	0	0	0	0	0	0
]
XY1 = [
25.0761	25.0761	25.0761	25.0761	25.0761	25.0761	0
25.0761	25.0761	25.0761	25.0761	25.0761	25.0761	0
25.0761	25.0761	25.0761	25.0761	25.0761	25.0761	0
25.1045	25.1065	25.104	25.1078	25.0984	25.0834	0
25.1112	25.0956	25.095	25.1028	25.0847	25.0825	0
25.1122	25.1347	25.1323	25.1345	25.1186	25.1047	0
0	0	0	0	0	0	0
]
XY2 = [
25.0761	25.0761	25.0761	25.0761	25.0761	25.0761	0
25.0761	25.0761	25.0761	25.0761	25.0761	25.0761	0
25.0761	25.0761	25.0761	25.0761	25.0761	25.0761	0
25.1083	25.1134	25.1122	25.114	25.113	25.092	0
25.0926	25.0987	25.109	25.0907	25.0834	25.0839	0
25.0902	25.0984	25.1065	25.1126	25.1128	25.091	0
0	0	0	0	0	0	0
]
XY3 = [
25.0761	25.0761	25.0761	25.0761	25.0761	25.0761	0
25.0761	25.0761	25.0761	25.0761	25.0761	25.0761	0
25.0761	25.0761	25.0761	25.0761	25.0761	25.0761	0
25.0918	25.097	25.1044	25.1051	25.1061	25.0924	0
25.1089	25.1169	25.107	25.1064	25.1348	25.0983	0
25.0761	25.084	25.0982	25.1142	25.1062	25.0981	0
0	0	0	0	0	0	0
]
XY4 = [
25.0761	25.0761	25.0761	25.0761	25.0761	25.0761	0
25.0761	25.0761	25.0761	25.0761	25.0761	25.0761	0
25.0761	25.0761	25.0761	25.0761	25.0761	25.0761	0
25.0761	25.0761	25.0761	25.0761	25.0761	25.0761	0
25.0761	25.091	25.0922	25.0994	25.0975	25.0976	0
25.0912	25.1045	25.1213	25.1341	25.1142	25.0894	0
0	0	0	0	0	0	0
]
XY5 = [
25.076	25.076	25.076	25.076	25.076	25.076	0
25.076	25.076	25.076	25.076	25.076	25.076	0
25.076	25.076	25.076	25.076	25.076	25.076	0
25.076	25.076	25.076	25.076	25.076	25.076	0
25.0838	25.1044	25.1128	25.1246	25.1338	25.0969	0
25.0982	25.1275	25.1114	25.0964	25.1152	25.0909	0
0	0	0	0	0	0	0
]
color_range = [25 65];
figure(1)
subplot(6,1,1), pcolor(XY0), axis off, caxis( color_range ), colormap(jet)
subplot(6,1,2), pcolor(XY1), axis off, caxis( color_range ), colormap(jet)
subplot(6,1,3), pcolor(XY2), axis off, caxis( color_range ), colormap(jet)
subplot(6,1,4), pcolor(XY3), axis off, caxis( color_range ), colormap(jet)
subplot(6,1,5), pcolor(XY4), axis off, caxis( color_range ), colormap(jet)
subplot(6,1,6), pcolor(XY5), axis off, caxis( color_range ), colormap(jet)
set(gcf, 'PaperPosition', [1 1 7 30]);
print(gcf,'-djpeg','-r0','R_routing-0_sel-2_BL_pir-0.010000_traffic-4.txt-10000.jpg')

#Steady State Temp.
XY0 = [
208.09	208.489	208.874	209.071	209.145	209.237	0
210.265	210.701	211.12	211.308	211.327	211.351	0
214.393	214.888	214.989	214.969	214.625	214.281	0
225.658	226.462	225.897	225.86	224.561	223.041	0
227.815	228.491	229.198	230.38	230.665	229.964	0
231.424	234.625	235.894	237.639	237.124	234.15	0
0	0	0	0	0	0	0
]
XY1 = [
207.313	207.714	208.098	208.294	208.364	208.45	0
209.481	209.92	210.338	210.525	210.54	210.557	0
213.571	214.067	214.174	214.155	213.813	213.47	0
224.753	225.535	225.037	225.016	223.755	222.161	0
226.856	227.502	228.223	229.369	229.573	228.878	0
230.421	233.629	234.949	236.701	236.113	233.158	0
0	0	0	0	0	0	0
]
XY2 = [
204.731	205.134	205.516	205.706	205.766	205.83	0
206.874	207.319	207.738	207.92	207.924	207.917	0
210.836	211.334	211.462	211.445	211.111	210.768	0
221.744	222.453	222.176	222.21	221.075	219.232	0
223.667	224.215	224.979	226.006	225.938	225.261	0
227.08	230.319	231.805	233.586	232.752	229.858	0
0	0	0	0	0	0	0
]
XY3 = [
203.177	203.583	203.964	204.15	204.204	204.255	0
205.306	205.756	206.174	206.353	206.351	206.329	0
209.189	209.69	209.828	209.813	209.484	209.14	0
219.841	220.569	220.362	220.396	219.337	217.476	0
221.605	222.296	223.14	224.039	224.025	223.285	0
224.808	227.957	229.557	231.356	230.576	227.688	0
0	0	0	0	0	0	0
]
XY4 = [
198.003	198.417	198.793	198.968	199.001	199.009	0
200.082	200.548	200.966	201.136	201.112	201.042	0
203.704	204.214	204.386	204.377	204.067	203.717	0
213.506	214.296	214.327	214.358	213.552	211.629	0
214.742	215.908	217.021	217.487	217.654	216.703	0
217.239	220.092	222.074	223.932	223.331	220.458	0
0	0	0	0	0	0	0
]
XY5 = [
195.665	196.085	196.458	196.629	196.653	196.641	0
197.722	198.197	198.615	198.781	198.748	198.655	0
201.223	201.742	201.929	201.923	201.617	201.259	0
210.529	211.338	211.453	211.489	210.737	208.887	0
211.812	213.069	214.128	214.653	214.982	213.835	0
213.988	216.789	218.807	220.675	220.063	217.266	0
0	0	0	0	0	0	0
]
color_range = [25 65];
figure(1)
subplot(6,1,1), pcolor(XY0), axis off, caxis( color_range ), colormap(jet)
subplot(6,1,2), pcolor(XY1), axis off, caxis( color_range ), colormap(jet)
subplot(6,1,3), pcolor(XY2), axis off, caxis( color_range ), colormap(jet)
subplot(6,1,4), pcolor(XY3), axis off, caxis( color_range ), colormap(jet)
subplot(6,1,5), pcolor(XY4), axis off, caxis( color_range ), colormap(jet)
subplot(6,1,6), pcolor(XY5), axis off, caxis( color_range ), colormap(jet)
set(gcf, 'PaperPosition', [1 1 7 30]);
print(gcf,'-djpeg','-r0','SS_routing-0_sel-2_BL_pir-0.010000_traffic-4.txt-10000.jpg')
